
[Grid]
Cellno = 100

[Particles]
nParticlesI = 5000
nParticlesE = 5000
nParticlesB = 1000
nParticlesN = 1000
tempI = 0.1
tempE = 2
tempB = 0.1
tempN = 0.1
density = 1E13
massE   =  9.1E-31
massI   =  1
massN   =  1
massB   =  1

[Constants]
epsilon = 8.85418782E-12	
K_b = 1.38065E-23			
eV = 1.602176565E-19		
chargeE = 1.602176565E-19		
AMU = 1.660538921E-27		
EV_TO_K = 11604.52 		

[Simulation]
DT = 0.5
T = 5000
conv_check = 25
v_e = 0
v_i = 0
v_n = 0
v_b = 0
v_bs = 0
alpha = 0
beta =  0
delta_x = 0                     
interval = 10                  
solver_type = tridiagonal    
B.C = open                
u_left =  0
u_right =  0
inject_rate = 0 